# transform file /home/ray/Data/FreeSurferMNI152/FreeSurfer/mri/transforms/cc_up.lta
# created by ray on Wed Dec  9 22:33:30 2015

type      = 0
nxforms   = 1
mean      = 127.0000 142.0000 128.0000
sigma     = 10000.0000
1 4 4
9.999306201934814e-01 6.173792760819197e-03 -1.003174856305122e-02 2.109272003173828e+00 
-6.173481699079275e-03 9.999809265136719e-01 6.193511944729835e-05 9.774975776672363e+00 
1.003194041550159e-02 3.637978807091713e-12 9.999496936798096e-01 4.738214969635010e+00 
0.000000000000000e+00 0.000000000000000e+00 0.000000000000000e+00 1.000000000000000e+00 
src volume info
valid = 1  # volume info valid
filename = /home/ray/Data/FreeSurferMNI152/FreeSurfer/mri/norm.mgz
volume = 256 256 256
voxelsize = 1.000000000000000e+00 1.000000000000000e+00 1.000000000000000e+00
xras   = -1.000000000000000e+00 0.000000000000000e+00 0.000000000000000e+00
yras   = 0.000000000000000e+00 0.000000000000000e+00 -1.000000000000000e+00
zras   = 0.000000000000000e+00 1.000000000000000e+00 0.000000000000000e+00
cras   = -1.000000000000000e+00 -1.700000000000000e+01 1.900000000000000e+01
dst volume info
valid = 1  # volume info valid
filename = /home/ray/Data/FreeSurferMNI152/FreeSurfer/mri/norm.mgz
volume = 256 256 256
voxelsize = 1.000000000000000e+00 1.000000000000000e+00 1.000000000000000e+00
xras   = -1.000000000000000e+00 0.000000000000000e+00 0.000000000000000e+00
yras   = 0.000000000000000e+00 0.000000000000000e+00 -1.000000000000000e+00
zras   = 0.000000000000000e+00 1.000000000000000e+00 0.000000000000000e+00
cras   = -1.000000000000000e+00 -1.700000000000000e+01 1.900000000000000e+01
