# transform file transforms/talairach.lta
# created by ray on Wed Dec  9 14:43:13 2015

type      = 0
nxforms   = 1
mean      = 126.0000 142.0000 129.0000
sigma     = 10000.0000
1 4 4
9.985547661781311e-01 -1.022145710885525e-02 1.115397270768881e-02 1.185783743858337e-01 
2.646690979599953e-02 9.022418856620789e-01 2.700044587254524e-02 -1.236617565155029e+01 
-3.447199938818812e-03 -7.673074491322041e-03 9.470558762550354e-01 -8.369808197021484e+00 
0.000000000000000e+00 0.000000000000000e+00 0.000000000000000e+00 1.000000000000000e+00 
src volume info
valid = 1  # volume info valid
filename = nu.mgz
volume = 256 256 256
voxelsize = 1.000000000000000e+00 1.000000000000000e+00 1.000000000000000e+00
xras   = -1.000000000000000e+00 0.000000000000000e+00 0.000000000000000e+00
yras   = 0.000000000000000e+00 0.000000000000000e+00 -1.000000000000000e+00
zras   = 0.000000000000000e+00 1.000000000000000e+00 0.000000000000000e+00
cras   = -1.000000000000000e+00 -1.700000000000000e+01 1.900000000000000e+01
dst volume info
valid = 1  # volume info valid
filename = /usr/local/freesurfer/5.1/average/RB_all_2008-03-26.gca
volume = 256 256 256
voxelsize = 1.000000000000000e+00 1.000000000000000e+00 1.000000000000000e+00
xras   = -1.000000000000000e+00 0.000000000000000e+00 0.000000000000000e+00
yras   = 0.000000000000000e+00 0.000000000000000e+00 -1.000000000000000e+00
zras   = 0.000000000000000e+00 1.000000000000000e+00 0.000000000000000e+00
cras   = 0.000000000000000e+00 0.000000000000000e+00 0.000000000000000e+00
