# transform file transforms/talairach_with_skull.lta
# created by ray on Wed Dec  9 22:08:42 2015

type      = 0
nxforms   = 1
mean      = 126.0000 142.0000 129.0000
sigma     = 10000.0000
1 4 4
1.003672838211060e+00 -2.415084093809128e-02 -1.132632512599230e-02 4.548198223114014e+00 
4.188089072704315e-02 9.349567294120789e-01 -2.041812287643552e-03 -1.623549652099609e+01 
2.088354900479317e-02 1.979508623480797e-02 9.607905149459839e-01 -1.607693481445312e+01 
0.000000000000000e+00 0.000000000000000e+00 0.000000000000000e+00 1.000000000000000e+00 
src volume info
valid = 1  # volume info valid
filename = nu_noneck.mgz
volume = 256 256 256
voxelsize = 1.000000000000000e+00 1.000000000000000e+00 1.000000000000000e+00
xras   = -1.000000000000000e+00 0.000000000000000e+00 0.000000000000000e+00
yras   = 0.000000000000000e+00 0.000000000000000e+00 -1.000000000000000e+00
zras   = 0.000000000000000e+00 1.000000000000000e+00 0.000000000000000e+00
cras   = -1.000000000000000e+00 -1.700000000000000e+01 1.900000000000000e+01
dst volume info
valid = 1  # volume info valid
filename = /usr/local/freesurfer/5.1/average/RB_all_withskull_2008-03-26.gca
volume = 256 256 256
voxelsize = 1.000000000000000e+00 1.000000000000000e+00 1.000000000000000e+00
xras   = -1.000000000000000e+00 0.000000000000000e+00 0.000000000000000e+00
yras   = 0.000000000000000e+00 0.000000000000000e+00 -1.000000000000000e+00
zras   = 0.000000000000000e+00 1.000000000000000e+00 0.000000000000000e+00
cras   = 0.000000000000000e+00 0.000000000000000e+00 0.000000000000000e+00
fscale 0.150000
